#medianRA medianDEC  madRA  madDEC  regDRA  regDDEC  medianPmRa  madPmRa  medianPmDec  madPmDec  medianPlx madPlx nObj possibleName tileEdge tileRA tileDEC known unknown
27.777 59.109 0.106 0.035 0.396 0.178 -0.732 0.141 -0.323 0.108 0.250 0.092 72 unknown 0.2 27.6 59.0 False True
27.804 60.697 0.088 0.044 0.396 0.198 -1.091 0.233 -0.379 0.167 0.301 0.081 116 unknown 0.2 27.6 60.6 False True
27.829 60.921 0.092 0.058 0.392 0.197 -1.038 0.138 -0.395 0.095 0.318 0.077 90 unknown 0.2 27.6 60.8 False True
27.806 61.102 0.089 0.042 0.369 0.194 -1.042 0.249 -0.276 0.242 0.276 0.065 60 Berkeley_6 0.2 27.6 61.0 True False
27.800 61.068 0.054 0.024 0.373 0.195 -0.873 0.101 -0.458 0.102 0.303 0.050 156 Berkeley_6 0.2 27.6 61.0 True False
28.135 58.647 0.050 0.024 0.369 0.167 -2.369 0.083 -0.446 0.108 0.282 0.044 92 COIN-Gaia_6 0.2 28.0 58.6 True False
28.208 60.697 0.091 0.049 0.382 0.199 -1.055 0.157 -0.418 0.175 0.254 0.092 97 unknown 0.2 28.0 60.6 False True
28.174 60.910 0.093 0.039 0.377 0.198 -1.091 0.215 -0.347 0.117 0.302 0.065 98 unknown 0.2 28.0 60.8 False True
28.157 61.760 0.088 0.031 0.366 0.196 -1.438 0.104 1.136 0.109 0.177 0.045 58 IC_166 0.2 28.0 61.6 True False
28.151 61.686 0.087 0.046 0.397 0.199 -1.046 0.198 -0.162 0.197 0.296 0.074 130 unknown 0.2 28.0 61.6 False True
28.128 61.861 0.051 0.025 0.294 0.166 -1.847 0.207 1.630 0.116 0.157 0.184 30 unknown 0.2 28.0 61.8 False True
28.105 61.862 0.044 0.021 0.395 0.194 -1.446 0.079 1.148 0.096 0.173 0.056 518 IC_166 0.2 28.0 61.8 True False
28.599 60.675 0.099 0.048 0.375 0.192 -1.112 0.095 -0.433 0.131 0.301 0.062 67 unknown 0.2 28.4 60.6 False True
28.597 60.894 0.107 0.045 0.373 0.198 -1.073 0.162 -0.381 0.098 0.288 0.084 53 unknown 0.2 28.4 60.8 False True
28.623 61.099 0.092 0.046 0.389 0.198 -0.974 0.203 -0.315 0.147 0.316 0.075 66 unknown 0.2 28.4 61.0 False True
28.570 61.728 0.112 0.039 0.398 0.197 -1.038 0.160 -0.281 0.205 0.279 0.084 80 unknown 0.2 28.4 61.6 False True
28.554 62.347 0.045 0.032 0.389 0.195 -0.980 0.104 -0.161 0.095 0.305 0.055 150 Berkeley_7 0.2 28.4 62.2 True False
28.972 60.891 0.092 0.046 0.390 0.199 -0.954 0.104 -0.448 0.106 0.299 0.067 55 unknown 0.2 28.8 60.8 False True
28.936 61.353 0.035 0.013 0.361 0.178 -2.021 0.059 0.425 0.104 0.231 0.049 71 Czernik_5 0.2 28.8 61.2 True False
29.033 61.494 0.107 0.050 0.392 0.197 -0.997 0.218 -0.309 0.201 0.304 0.080 83 unknown 0.2 28.8 61.4 False True
29.396 60.888 0.082 0.049 0.373 0.193 -1.034 0.180 -0.451 0.164 0.342 0.054 59 unknown 0.2 29.2 60.8 False True
29.416 61.907 0.097 0.045 0.388 0.197 -1.025 0.211 -0.212 0.188 0.256 0.080 128 unknown 0.2 29.2 61.8 False True
29.381 63.120 0.106 0.052 0.390 0.191 0.146 0.101 -0.255 0.109 0.466 0.153 49 unknown 0.2 29.2 63.0 False True
29.759 60.123 0.086 0.041 0.380 0.185 -0.051 0.103 -1.667 0.106 0.846 0.067 51 NGC_743 0.2 29.6 60.0 True False
29.804 61.123 0.088 0.033 0.389 0.196 -0.938 0.080 -0.105 0.178 0.276 0.110 40 unknown 0.2 29.6 61.0 False True
30.241 60.265 0.096 0.042 0.397 0.197 -1.624 0.072 -0.376 0.141 0.265 0.055 77 unknown 0.2 30.0 60.2 False True
30.199 60.503 0.095 0.051 0.395 0.196 -0.948 0.157 -0.458 0.137 0.339 0.073 73 unknown 0.2 30.0 60.4 False True
30.254 61.497 0.078 0.041 0.393 0.194 -1.347 0.059 -0.069 0.147 0.182 0.081 86 COIN-Gaia_33 0.2 30.0 61.4 True False
30.303 63.767 0.042 0.027 0.392 0.162 -4.880 0.094 -0.161 0.122 0.644 0.040 26 Gulliver_51 0.2 30.0 63.6 True False
30.290 63.836 0.056 0.021 0.379 0.197 -4.927 0.097 -0.090 0.074 0.655 0.027 25 Gulliver_51 0.2 30.0 63.8 True False
30.553 60.481 0.103 0.039 0.367 0.195 -0.915 0.077 -0.396 0.187 0.323 0.052 58 unknown 0.2 30.4 60.4 False True
30.588 61.909 0.117 0.048 0.391 0.200 -1.159 0.228 -0.049 0.230 0.280 0.079 124 unknown 0.2 30.4 61.8 False True
30.562 62.863 0.083 0.035 0.392 0.199 -1.135 0.171 -0.154 0.122 0.297 0.078 121 Czernik_6 0.2 30.4 62.8 True False
30.646 64.459 0.079 0.043 0.399 0.197 -0.783 0.150 0.086 0.108 0.160 0.066 102 unknown 0.2 30.4 64.4 False True
31.030 60.301 0.105 0.037 0.398 0.186 -0.869 0.064 -0.501 0.186 0.344 0.056 63 unknown 0.2 30.8 60.2 False True
31.042 60.522 0.091 0.044 0.378 0.194 -0.880 0.082 -0.446 0.161 0.316 0.091 47 unknown 0.2 30.8 60.4 False True
31.030 64.343 0.100 0.031 0.389 0.193 -0.779 0.119 -2.147 0.112 1.017 0.038 35 Stock_5 0.2 30.8 64.2 True False
31.384 61.501 0.112 0.055 0.397 0.199 -1.274 0.178 -0.170 0.132 0.290 0.079 81 unknown 0.2 31.2 61.4 False True
31.377 62.274 0.053 0.022 0.383 0.193 -0.740 0.070 -0.310 0.107 0.187 0.076 73 SAI_16 0.2 31.2 62.2 True False
31.391 64.521 0.113 0.041 0.398 0.187 -1.010 0.217 0.272 0.193 0.199 0.086 93 unknown 0.2 31.2 64.4 False True
31.849 60.266 0.041 0.018 0.357 0.186 -0.772 0.080 -0.440 0.117 0.329 0.054 72 Riddle_4 0.2 31.6 60.2 True False
32.214 60.909 0.105 0.051 0.393 0.193 -0.997 0.218 -0.301 0.103 0.324 0.109 53 unknown 0.2 32.0 60.8 False True
33.466 60.050 0.063 0.029 0.373 0.196 -0.579 0.152 -0.414 0.114 0.346 0.057 85 COIN-Gaia_35 0.2 33.2 60.0 True False
33.341 61.479 0.057 0.032 0.374 0.167 -0.066 0.078 -0.798 0.082 0.377 0.056 38 unknown 0.2 33.2 61.4 False True
34.280 57.101 0.072 0.044 0.383 0.194 -0.677 0.109 -1.078 0.071 0.397 0.039 93 NGC_869,Per_OB1 0.2 34.0 57.0 True False
34.214 57.308 0.099 0.045 0.397 0.197 -0.743 0.119 -1.036 0.162 0.371 0.058 109 Per_OB1 0.2 34.0 57.2 True False
34.182 59.101 0.089 0.039 0.393 0.199 -0.940 0.154 -0.627 0.130 0.385 0.058 67 unknown 0.2 34.0 59.0 False True
34.222 59.502 0.097 0.043 0.398 0.192 -1.017 0.164 -0.539 0.145 0.310 0.076 92 unknown 0.2 34.0 59.4 False True
34.603 56.951 0.098 0.028 0.395 0.150 -0.679 0.122 -1.168 0.109 0.387 0.053 101 NGC_869,Per_OB1 0.2 34.4 56.8 True False
34.699 57.124 0.075 0.037 0.374 0.188 -0.632 0.158 -0.761 0.088 0.395 0.088 107 NGC_869,Per_OB1 0.2 34.4 57.0 True False
34.729 57.123 0.063 0.030 0.387 0.185 -0.708 0.098 -0.877 0.023 0.377 0.040 26 NGC_869,Per_OB1 0.2 34.4 57.0 True False
34.671 57.126 0.076 0.032 0.399 0.199 -0.682 0.076 -1.122 0.084 0.395 0.035 370 NGC_869,Per_OB1 0.2 34.4 57.0 True False
34.680 57.145 0.081 0.027 0.359 0.196 -0.540 0.179 -1.130 0.192 0.397 0.054 50 NGC_869,Per_OB1 0.2 34.4 57.0 True False
34.564 57.276 0.086 0.046 0.355 0.190 -1.082 0.060 -1.374 0.141 0.322 0.083 32 NGC_869,Per_OB1 0.2 34.4 57.2 True False
34.625 57.259 0.078 0.042 0.390 0.191 -0.730 0.094 -1.062 0.105 0.383 0.046 211 NGC_869,Per_OB1 0.2 34.4 57.2 True False
34.621 57.465 0.096 0.040 0.399 0.190 -0.774 0.154 -1.017 0.133 0.375 0.059 105 Per_OB1 0.2 34.4 57.4 True False
34.582 58.093 0.073 0.047 0.395 0.196 -0.677 0.137 -0.922 0.215 0.347 0.098 69 Per_OB1 0.2 34.4 58.0 True False
34.645 59.901 0.092 0.050 0.386 0.196 -0.522 0.215 -0.374 0.061 0.346 0.073 82 unknown 0.2 34.4 59.8 False True
34.615 60.112 0.083 0.042 0.397 0.197 -0.692 0.205 -0.434 0.129 0.365 0.075 92 unknown 0.2 34.4 60.0 False True
34.635 60.286 0.081 0.050 0.382 0.198 -0.817 0.226 -0.281 0.197 0.292 0.089 102 unknown 0.2 34.4 60.2 False True
34.524 61.152 0.060 0.033 0.365 0.187 -0.750 0.126 -0.277 0.141 0.417 0.063 41 unknown 0.2 34.4 61.0 False True
34.977 56.921 0.083 0.048 0.394 0.190 -0.651 0.081 -1.086 0.092 0.398 0.060 100 NGC_869,Per_OB1 0.2 34.8 56.8 True False
34.918 57.109 0.079 0.045 0.398 0.198 -0.674 0.084 -1.044 0.094 0.396 0.040 301 NGC_869,Per_OB1 0.2 34.8 57.0 True False
34.910 57.091 0.079 0.037 0.385 0.195 -0.391 0.147 -0.943 0.158 0.387 0.052 46 NGC_869,Per_OB1 0.2 34.8 57.0 True False
34.983 57.275 0.101 0.046 0.397 0.197 -0.712 0.114 -1.084 0.138 0.380 0.039 158 NGC_869,Per_OB1 0.2 34.8 57.2 True False
34.991 57.490 0.080 0.051 0.390 0.198 -0.672 0.160 -1.011 0.191 0.353 0.074 107 Per_OB1 0.2 34.8 57.4 True False
34.929 58.298 0.075 0.029 0.361 0.196 -0.414 0.105 -0.701 0.142 0.417 0.055 117 Basel_10 0.2 34.8 58.2 True False
34.894 63.718 0.055 0.022 0.359 0.184 -0.998 0.074 0.231 0.117 0.178 0.052 81 Berkeley_63 0.2 34.8 63.6 True False
35.360 56.917 0.100 0.047 0.393 0.197 -0.560 0.167 -1.033 0.150 0.380 0.058 137 Per_OB1 0.2 35.2 56.8 True False
35.442 57.130 0.093 0.025 0.396 0.197 -0.762 0.158 -1.432 0.356 0.406 0.074 44 NGC_884,Per_OB1 0.2 35.2 57.0 True False
35.471 57.120 0.071 0.041 0.397 0.197 -0.647 0.095 -1.089 0.098 0.400 0.037 427 NGC_884,Per_OB1 0.2 35.2 57.0 True False
35.458 57.305 0.086 0.040 0.319 0.159 -0.713 0.106 -0.633 0.120 0.353 0.107 16 NGC_884,Per_OB1 0.2 35.2 57.2 True False
35.424 57.272 0.090 0.046 0.393 0.199 -0.603 0.119 -1.063 0.097 0.396 0.040 235 NGC_884,Per_OB1 0.2 35.2 57.2 True False
35.476 57.248 0.073 0.034 0.342 0.148 -0.416 0.144 -0.628 0.046 0.335 0.065 11 NGC_884 0.2 35.2 57.2 True False
35.417 57.468 0.101 0.054 0.397 0.197 -0.607 0.118 -1.019 0.074 0.382 0.041 68 Per_OB1 0.2 35.2 57.4 True False
35.412 59.900 0.095 0.042 0.392 0.194 -0.439 0.173 -0.472 0.089 0.321 0.070 60 unknown 0.2 35.2 59.8 False True
35.740 56.917 0.087 0.049 0.398 0.196 -0.486 0.102 -1.004 0.137 0.373 0.056 85 NGC_884,Per_OB1 0.2 35.6 56.8 True False
35.830 57.106 0.089 0.052 0.395 0.195 -0.115 0.063 -0.700 0.145 0.404 0.094 33 unknown 0.2 35.6 57.0 False True
35.744 57.118 0.084 0.046 0.395 0.198 -0.573 0.112 -1.030 0.113 0.397 0.040 238 NGC_884,Per_OB1 0.2 35.6 57.0 True False
35.784 57.284 0.102 0.050 0.392 0.200 -0.528 0.119 -1.012 0.102 0.376 0.040 216 NGC_884,Per_OB1 0.2 35.6 57.2 True False
35.794 57.477 0.101 0.044 0.390 0.196 -0.526 0.166 -0.915 0.145 0.366 0.064 116 Per_OB1 0.2 35.6 57.4 True False
36.171 56.904 0.109 0.046 0.394 0.195 -0.541 0.155 -1.109 0.189 0.368 0.052 100 Per_OB1 0.2 36.0 56.8 True False
36.175 57.100 0.106 0.054 0.393 0.198 -0.549 0.090 -1.093 0.104 0.385 0.040 109 Per_OB1 0.2 36.0 57.0 True False
36.165 57.296 0.115 0.054 0.393 0.199 -0.500 0.113 -1.009 0.128 0.372 0.052 149 Per_OB1 0.2 36.0 57.2 True False
36.219 57.495 0.109 0.048 0.396 0.197 -0.495 0.137 -0.992 0.143 0.390 0.066 116 Per_OB1 0.2 36.0 57.4 True False
36.213 58.490 0.087 0.045 0.369 0.195 -0.457 0.176 -0.712 0.140 0.354 0.088 66 Per_OB1 0.2 36.0 58.4 True False
36.227 59.919 0.102 0.045 0.390 0.190 -0.945 0.118 -0.518 0.108 0.392 0.072 88 COIN-Gaia_36 0.2 36.0 59.8 True False
36.123 63.714 0.096 0.057 0.382 0.178 3.170 0.070 -3.998 0.086 0.955 0.025 17 NGC_886 0.2 36.0 63.6 True False
36.161 63.862 0.076 0.030 0.383 0.142 3.169 0.036 -4.075 0.117 0.960 0.024 20 NGC_886 0.2 36.0 63.8 True False
36.602 57.103 0.119 0.040 0.392 0.200 -0.445 0.092 -1.118 0.150 0.381 0.048 80 Per_OB1 0.2 36.4 57.0 True False
36.614 57.283 0.099 0.044 0.397 0.195 -0.458 0.120 -1.093 0.084 0.374 0.043 96 Per_OB1 0.2 36.4 57.2 True False
36.590 57.486 0.111 0.047 0.396 0.199 -0.400 0.182 -0.964 0.148 0.375 0.074 106 Per_OB1 0.2 36.4 57.4 True False
36.592 57.709 0.102 0.056 0.379 0.193 -0.463 0.098 -0.901 0.125 0.359 0.081 60 Per_OB1 0.2 36.4 57.6 True False
37.030 56.916 0.095 0.047 0.397 0.195 -0.339 0.199 -1.102 0.153 0.365 0.067 96 Per_OB1 0.2 36.8 56.8 True False
37.011 57.098 0.093 0.047 0.396 0.193 -0.448 0.143 -1.098 0.188 0.370 0.065 97 Per_OB1 0.2 36.8 57.0 True False
36.958 57.298 0.087 0.045 0.395 0.196 -0.383 0.162 -1.086 0.185 0.379 0.081 121 Per_OB1 0.2 36.8 57.2 True False
36.987 57.490 0.090 0.046 0.396 0.197 -0.411 0.159 -0.998 0.217 0.375 0.069 115 Per_OB1 0.2 36.8 57.4 True False
36.998 57.710 0.119 0.050 0.396 0.189 -0.521 0.124 -0.992 0.096 0.355 0.058 66 Per_OB1 0.2 36.8 57.6 True False
37.081 60.125 0.075 0.032 0.382 0.195 -1.173 0.095 -0.608 0.107 0.249 0.090 53 unknown 0.2 36.8 60.0 False True
37.365 57.310 0.104 0.046 0.392 0.196 -0.298 0.183 -1.094 0.195 0.371 0.063 94 Per_OB1 0.2 37.2 57.2 True False
37.349 57.520 0.108 0.046 0.378 0.199 -0.478 0.182 -1.032 0.118 0.376 0.067 84 Per_OB1 0.2 37.2 57.4 True False
37.358 57.676 0.118 0.038 0.398 0.196 -0.418 0.130 -1.025 0.165 0.374 0.054 83 Per_OB1 0.2 37.2 57.6 True False
37.437 57.901 0.093 0.042 0.384 0.199 -0.306 0.140 -0.926 0.096 0.341 0.070 70 Per_OB1 0.2 37.2 57.8 True False
37.437 58.118 0.088 0.035 0.394 0.190 -0.445 0.182 -0.927 0.126 0.336 0.073 114 Per_OB1 0.2 37.2 58.0 True False
37.393 58.895 0.101 0.048 0.392 0.192 -0.359 0.213 -0.838 0.168 0.327 0.080 79 Per_OB1 0.2 37.2 58.8 True False
37.430 60.689 0.055 0.036 0.357 0.184 -3.471 0.103 0.547 0.095 1.446 0.033 28 Stock_7 0.2 37.2 60.6 True False
37.302 61.773 0.030 0.020 0.355 0.195 -1.030 0.083 -0.175 0.092 0.266 0.080 94 Tombaugh_4 0.2 37.2 61.6 True False
37.321 61.837 0.052 0.031 0.377 0.187 -1.032 0.094 -0.168 0.119 0.288 0.064 54 Tombaugh_4 0.2 37.2 61.8 True False
37.750 61.304 0.084 0.045 0.386 0.192 -1.063 0.119 -0.059 0.123 0.366 0.058 52 unknown 0.2 37.6 61.2 False True
38.284 57.541 0.070 0.036 0.390 0.196 -0.270 0.099 -1.044 0.081 0.392 0.036 163 NGC_957,Per_OB1 0.2 38.0 57.4 True False
38.234 58.760 0.034 0.019 0.371 0.187 0.496 0.113 -0.751 0.130 0.316 0.056 91 Czernik_8 0.2 38.0 58.6 True False
38.335 59.882 0.052 0.020 0.394 0.173 -0.931 0.090 0.185 0.087 0.320 0.060 44 Czernik_9 0.2 38.0 59.8 True False
38.133 61.114 0.076 0.041 0.381 0.179 -1.037 0.078 -0.113 0.134 0.371 0.080 39 unknown 0.2 38.0 61.0 False True
38.194 61.470 0.049 0.028 0.313 0.184 -0.718 0.068 -0.684 0.068 0.434 0.028 70 IC_1805,Per_OB1 0.2 38.0 61.4 True False
38.546 57.517 0.101 0.042 0.375 0.193 -0.241 0.087 -1.046 0.135 0.383 0.054 110 NGC_957,Per_OB1 0.2 38.4 57.4 True False
38.617 57.696 0.099 0.061 0.394 0.195 -0.244 0.140 -1.026 0.171 0.387 0.066 80 NGC_957,Per_OB1 0.2 38.4 57.6 True False
38.508 60.154 0.035 0.023 0.394 0.195 -1.083 0.106 0.321 0.171 0.226 0.088 65 Czernik_10 0.2 38.4 60.0 True False
38.626 61.731 0.057 0.052 0.394 0.182 -0.610 0.076 -0.299 0.123 0.441 0.064 57 unknown 0.2 38.4 61.6 False True
39.025 56.075 0.078 0.050 0.377 0.190 1.589 0.152 -5.245 0.048 1.446 0.075 18 Trumpler_2 0.2 38.8 56.0 True False
39.024 57.916 0.097 0.052 0.378 0.190 -0.414 0.174 -1.014 0.098 0.394 0.080 56 Per_OB1 0.2 38.8 57.8 True False
39.028 59.047 0.058 0.026 0.343 0.199 -0.567 0.079 -0.087 0.107 0.365 0.053 102 King_4 0.2 38.8 59.0 True False
39.373 61.113 0.113 0.052 0.390 0.199 -0.724 0.178 -0.106 0.142 0.424 0.078 66 unknown 0.2 39.2 61.0 False True
39.685 55.885 0.056 0.073 0.373 0.199 1.602 0.126 -5.291 0.162 1.381 0.059 15 Trumpler_2 0.2 39.6 55.8 True False
39.767 59.093 0.093 0.055 0.397 0.199 -0.623 0.245 -0.427 0.231 0.278 0.095 114 unknown 0.2 39.6 59.0 False True
39.778 60.433 0.061 0.031 0.391 0.192 -0.689 0.063 -0.344 0.074 0.419 0.056 66 Berkeley_65 0.2 39.6 60.4 True False
40.199 60.720 0.116 0.046 0.386 0.192 -0.659 0.191 -0.222 0.113 0.362 0.087 80 unknown 0.2 40.0 60.6 False True
40.216 60.893 0.097 0.059 0.394 0.198 -0.617 0.193 -0.128 0.194 0.323 0.134 125 unknown 0.2 40.0 60.8 False True
40.201 61.096 0.092 0.041 0.400 0.190 -0.613 0.184 -0.153 0.185 0.345 0.100 103 unknown 0.2 40.0 61.0 False True
40.663 61.534 0.077 0.037 0.394 0.189 -1.755 0.076 2.113 0.121 0.885 0.035 63 NGC_1027 0.2 40.4 61.4 True False
40.602 61.679 0.087 0.043 0.394 0.196 -1.715 0.117 2.134 0.135 0.873 0.044 114 NGC_1027 0.2 40.4 61.6 True False
40.986 61.490 0.078 0.041 0.353 0.190 -1.728 0.049 2.100 0.112 0.858 0.043 30 NGC_1027 0.2 40.8 61.4 True False
40.909 61.675 0.070 0.038 0.376 0.194 -1.715 0.107 2.055 0.114 0.885 0.046 45 NGC_1027 0.2 40.8 61.6 True False
41.082 62.322 0.056 0.022 0.392 0.197 0.594 0.080 -0.216 0.086 0.277 0.054 133 Czernik_13 0.2 40.8 62.2 True False
41.442 57.724 0.079 0.053 0.379 0.198 0.151 0.088 -1.071 0.076 0.378 0.038 54 ASCC_9 0.2 41.2 57.6 True False
41.801 57.534 0.081 0.037 0.395 0.195 0.086 0.184 -1.081 0.175 0.384 0.061 56 ASCC_9 0.2 41.6 57.4 True False
41.726 57.730 0.070 0.040 0.377 0.199 0.169 0.093 -1.138 0.071 0.417 0.044 73 ASCC_9 0.2 41.6 57.6 True False
41.857 61.928 0.070 0.048 0.383 0.199 -0.681 0.134 0.169 0.085 0.198 0.090 71 unknown 0.2 41.6 61.8 False True
41.827 63.072 0.102 0.042 0.398 0.197 -0.783 0.108 0.409 0.224 0.204 0.098 93 unknown 0.2 41.6 63.0 False True
42.199 57.316 0.120 0.045 0.391 0.199 0.377 0.111 -1.196 0.148 0.368 0.069 44 unknown 0.2 42.0 57.2 False True
42.218 57.480 0.096 0.058 0.377 0.187 0.278 0.178 -1.083 0.200 0.370 0.074 50 ASCC_9 0.2 42.0 57.4 True False
42.666 60.309 0.087 0.054 0.395 0.197 -0.376 0.178 -0.355 0.172 0.364 0.088 101 IC_1848 0.2 42.4 60.2 True False
42.710 60.459 0.068 0.043 0.387 0.196 -0.490 0.131 -0.237 0.164 0.395 0.062 123 IC_1848 0.2 42.4 60.4 True False
42.640 60.628 0.077 0.023 0.373 0.198 -0.291 0.212 -0.225 0.234 0.401 0.075 40 IC_1848 0.2 42.4 60.6 True False
42.641 60.911 0.089 0.056 0.392 0.187 0.055 0.186 -0.387 0.146 0.422 0.116 31 unknown 0.2 42.4 60.8 False True
42.916 60.475 0.085 0.059 0.376 0.199 -0.292 0.115 -0.280 0.111 0.413 0.050 118 IC_1848 0.2 42.8 60.4 True False
42.960 60.632 0.072 0.023 0.346 0.196 -0.291 0.121 -0.410 0.170 0.399 0.069 46 IC_1848 0.2 42.8 60.6 True False
42.989 62.099 0.099 0.053 0.396 0.198 -0.544 0.222 0.195 0.223 0.182 0.077 124 unknown 0.2 42.8 62.0 False True
43.472 60.658 0.080 0.022 0.369 0.195 -0.095 0.156 -0.333 0.146 0.394 0.096 85 IC_1848 0.2 43.2 60.6 True False
44.643 57.697 0.083 0.048 0.353 0.198 0.670 0.055 -1.201 0.132 0.354 0.052 39 unknown 0.2 44.4 57.6 False True
44.573 60.659 0.108 0.040 0.397 0.195 -0.374 0.245 0.257 0.192 0.386 0.098 83 SAI_24 0.2 44.4 60.6 True False
45.023 57.498 0.079 0.042 0.391 0.181 0.712 0.119 -1.270 0.124 0.396 0.042 54 SAI_25 0.2 44.8 57.4 True False
44.919 60.541 0.065 0.030 0.395 0.191 -0.142 0.115 0.063 0.117 0.421 0.057 93 SAI_24 0.2 44.8 60.4 True False
45.838 57.289 0.105 0.047 0.393 0.183 0.865 0.131 -0.992 0.186 0.364 0.124 39 unknown 0.2 45.6 57.2 False True
46.300 55.905 0.055 0.035 0.354 0.187 -0.314 0.090 0.003 0.107 0.328 0.047 34 unknown 0.2 46.0 55.8 False True
46.107 58.722 0.075 0.041 0.383 0.199 -0.164 0.193 0.017 0.183 0.166 0.079 80 Berkeley_66 0.2 46.0 58.6 True False
47.923 53.350 0.012 0.012 0.234 0.088 0.237 0.112 -0.695 0.078 0.297 0.048 58 NGC_1220 0.2 47.6 53.2 True False
49.279 58.623 0.036 0.012 0.327 0.188 -0.491 0.087 -0.391 0.103 0.289 0.023 57 Czernik_14 0.2 49.2 58.6 True False
49.391 59.517 0.077 0.047 0.380 0.188 -0.355 0.178 0.498 0.163 0.245 0.075 37 unknown 0.2 49.2 59.4 False True
49.874 52.705 0.061 0.038 0.371 0.196 0.333 0.183 -0.962 0.050 0.287 0.070 42 unknown 0.2 49.6 52.6 False True
49.791 53.083 0.110 0.049 0.360 0.189 0.432 0.193 -1.091 0.112 0.315 0.072 38 unknown 0.2 49.6 53.0 False True
50.243 58.895 0.072 0.040 0.389 0.193 0.544 0.142 -1.595 0.171 0.825 0.151 50 unknown 0.2 50.0 58.8 False True
50.255 60.090 0.063 0.053 0.389 0.189 0.993 0.066 -0.543 0.083 0.336 0.047 41 unknown 0.2 50.0 60.0 False True
51.074 54.890 0.086 0.049 0.396 0.197 0.399 0.190 -1.054 0.183 0.405 0.058 66 unknown 0.2 50.8 54.8 False True
51.855 56.343 0.058 0.038 0.358 0.169 3.877 0.141 -1.912 0.129 1.353 0.045 34 King_6 0.2 51.6 56.2 True False
51.934 56.463 0.045 0.050 0.381 0.200 3.902 0.181 -1.815 0.169 1.352 0.052 72 King_6 0.2 51.6 56.4 True False
52.087 56.479 0.047 0.040 0.325 0.197 3.863 0.194 -1.817 0.191 1.331 0.058 70 King_6 0.2 52.0 56.4 True False
53.151 52.653 0.026 0.022 0.395 0.187 1.536 0.129 0.008 0.093 0.506 0.067 88 Berkeley_9 0.2 52.8 52.6 True False
53.049 55.048 0.072 0.021 0.361 0.179 -0.844 0.112 -0.808 0.103 0.279 0.102 32 unknown 0.2 52.8 55.0 False True
53.250 52.662 0.044 0.033 0.385 0.195 1.483 0.126 0.067 0.135 0.514 0.048 45 Berkeley_9 0.2 53.2 52.6 True False
54.585 60.079 0.082 0.047 0.390 0.194 0.153 0.198 -0.233 0.199 0.181 0.091 100 unknown 0.2 54.4 60.0 False True
55.087 59.426 0.038 0.017 0.363 0.167 1.098 0.106 -0.410 0.084 0.254 0.035 50 unknown 0.2 54.8 59.4 False True
56.294 50.734 0.059 0.032 0.354 0.196 0.809 0.138 -1.225 0.096 0.312 0.051 67 unknown 0.2 56.0 50.6 False True
56.656 58.922 0.100 0.051 0.389 0.191 0.508 0.091 -2.387 0.109 0.579 0.042 31 Tombaugh_5 0.2 56.4 58.8 True False
56.696 59.102 0.075 0.033 0.392 0.191 0.535 0.080 -2.373 0.102 0.566 0.048 61 Tombaugh_5 0.2 56.4 59.0 True False
57.018 58.943 0.099 0.029 0.388 0.193 0.514 0.093 -2.387 0.091 0.541 0.041 71 Tombaugh_5 0.2 56.8 58.8 True False
56.977 59.083 0.082 0.034 0.395 0.196 0.534 0.085 -2.388 0.086 0.559 0.029 204 Tombaugh_5 0.2 56.8 59.0 True False
56.980 59.267 0.089 0.033 0.396 0.192 0.526 0.095 -2.343 0.103 0.569 0.067 42 Tombaugh_5 0.2 56.8 59.2 True False
57.382 52.672 0.044 0.033 0.385 0.192 -0.776 0.195 -1.845 0.090 0.841 0.053 37 NGC_1444 0.2 57.2 52.6 True False
57.366 58.918 0.078 0.034 0.392 0.190 0.527 0.090 -2.431 0.089 0.549 0.026 37 Tombaugh_5 0.2 57.2 58.8 True False
57.314 59.089 0.069 0.050 0.398 0.187 0.531 0.077 -2.410 0.136 0.567 0.036 60 Tombaugh_5 0.2 57.2 59.0 True False
58.134 55.321 0.071 0.042 0.359 0.196 -0.088 0.156 0.129 0.207 0.215 0.086 57 unknown 0.2 58.0 55.2 False True
59.067 52.131 0.076 0.039 0.385 0.191 0.982 0.159 -1.132 0.197 0.274 0.134 54 unknown 0.2 58.8 52.0 False True
58.863 58.382 0.029 0.013 0.369 0.192 -0.223 0.071 -0.019 0.123 0.180 0.060 45 Juchert_9 0.2 58.8 58.2 True False
59.410 57.269 0.097 0.035 0.388 0.170 -0.098 0.135 0.426 0.270 0.190 0.078 63 unknown 0.2 59.2 57.2 False True
59.787 51.771 0.039 0.018 0.397 0.200 1.124 0.130 -1.188 0.117 0.275 0.061 228 King_7 0.2 59.6 51.6 True False
59.801 51.759 0.064 0.016 0.378 0.162 1.651 0.117 -1.032 0.132 0.379 0.178 14 unknown 0.2 59.6 51.6 False True
59.793 51.833 0.041 0.022 0.309 0.166 1.073 0.116 -1.183 0.095 0.290 0.055 91 King_7 0.2 59.6 51.8 True False
59.868 55.313 0.093 0.042 0.394 0.195 0.030 0.138 -0.013 0.165 0.188 0.095 76 unknown 0.2 59.6 55.2 False True
59.794 55.505 0.104 0.049 0.394 0.197 -0.007 0.112 0.042 0.110 0.179 0.071 70 unknown 0.2 59.6 55.4 False True
59.785 55.706 0.086 0.044 0.383 0.200 0.073 0.161 0.081 0.152 0.204 0.064 104 unknown 0.2 59.6 55.6 False True
59.800 55.903 0.101 0.049 0.399 0.195 0.045 0.146 0.159 0.151 0.210 0.081 85 unknown 0.2 59.6 55.8 False True
59.791 57.249 0.064 0.034 0.380 0.190 0.027 0.092 0.449 0.154 0.229 0.061 80 unknown 0.2 59.6 57.2 False True
60.227 55.100 0.091 0.043 0.387 0.197 0.074 0.236 0.084 0.206 0.204 0.093 116 unknown 0.2 60.0 55.0 False True
60.158 55.296 0.088 0.041 0.397 0.194 0.061 0.138 -0.048 0.201 0.193 0.081 144 unknown 0.2 60.0 55.2 False True
60.243 55.510 0.093 0.056 0.375 0.194 0.111 0.170 -0.108 0.236 0.177 0.079 97 unknown 0.2 60.0 55.4 False True
60.225 56.495 0.099 0.047 0.396 0.195 0.222 0.195 0.208 0.197 0.171 0.078 98 unknown 0.2 60.0 56.4 False True
60.603 55.301 0.088 0.049 0.398 0.192 0.086 0.155 -0.082 0.193 0.225 0.085 89 unknown 0.2 60.4 55.2 False True
60.602 55.711 0.114 0.051 0.395 0.197 0.084 0.192 -0.028 0.192 0.204 0.099 108 unknown 0.2 60.4 55.6 False True
60.573 57.100 0.089 0.047 0.385 0.197 0.132 0.156 0.133 0.157 0.218 0.079 109 unknown 0.2 60.4 57.0 False True
61.097 52.671 0.043 0.024 0.338 0.191 1.527 0.093 -0.732 0.069 0.605 0.035 76 NGC_1496 0.2 60.8 52.6 True False
61.358 55.922 0.058 0.026 0.394 0.187 -0.169 0.120 0.038 0.087 0.164 0.079 84 unknown 0.2 61.2 55.8 False True
61.801 57.094 0.098 0.054 0.393 0.191 0.168 0.115 -0.103 0.222 0.204 0.098 89 unknown 0.2 61.6 57.0 False True
62.561 55.902 0.097 0.052 0.392 0.199 0.076 0.238 0.211 0.163 0.197 0.086 97 unknown 0.2 62.4 55.8 False True
27.736 60.782 0.116 0.122 0.655 0.494 -1.096 0.173 -0.403 0.100 0.360 0.030 105 unknown 0.5 27.0 60.5 False True
27.806 61.109 0.065 0.078 0.419 0.492 -0.911 0.203 -0.393 0.158 0.347 0.029 90 Berkeley_6 0.5 27.0 61.0 True False
28.419 60.731 0.266 0.109 0.996 0.497 -1.067 0.146 -0.401 0.085 0.361 0.029 99 unknown 0.5 28.0 60.5 False True
28.513 61.239 0.236 0.114 0.990 0.484 -1.022 0.150 -0.333 0.139 0.361 0.037 124 unknown 0.5 28.0 61.0 False True
28.426 61.764 0.260 0.121 0.984 0.492 -1.088 0.110 -0.355 0.166 0.356 0.033 117 unknown 0.5 28.0 61.5 False True
28.534 62.307 0.115 0.102 0.885 0.479 -1.010 0.113 -0.180 0.124 0.350 0.027 137 Berkeley_7 0.5 28.0 62.0 True False
29.567 59.293 0.259 0.118 0.992 0.490 -1.502 0.164 -0.748 0.176 0.423 0.071 103 unknown 0.5 29.0 59.0 False True
29.614 60.144 0.136 0.067 0.971 0.481 -0.044 0.065 -1.690 0.077 0.881 0.032 68 NGC_743 0.5 29.0 60.0 True False
29.530 60.742 0.234 0.123 0.997 0.480 -1.025 0.161 -0.456 0.094 0.367 0.038 105 unknown 0.5 29.0 60.5 False True
29.562 61.282 0.222 0.134 0.967 0.498 -1.087 0.179 -0.378 0.189 0.372 0.042 140 unknown 0.5 29.0 61.0 False True
29.534 61.784 0.230 0.121 0.997 0.486 -1.019 0.088 -0.305 0.137 0.351 0.030 83 unknown 0.5 29.0 61.5 False True
30.505 58.285 0.206 0.128 0.976 0.496 -1.270 0.126 -0.940 0.134 0.421 0.060 90 unknown 0.5 30.0 58.0 False True
30.327 63.801 0.084 0.040 0.827 0.399 -4.904 0.060 -0.142 0.052 0.648 0.017 45 Gulliver_51 0.5 30.0 63.5 True False
31.458 58.778 0.248 0.103 0.981 0.499 -1.135 0.192 -0.853 0.129 0.399 0.040 127 unknown 0.5 31.0 58.5 False True
31.536 59.267 0.237 0.136 0.987 0.491 -1.163 0.218 -0.812 0.138 0.401 0.048 106 unknown 0.5 31.0 59.0 False True
31.578 59.845 0.228 0.116 0.941 0.415 16.293 0.204 -13.178 0.178 2.586 0.034 11 Stock_2 0.5 31.0 59.5 True False
31.685 60.261 0.224 0.068 0.973 0.487 -0.873 0.063 -0.567 0.177 0.364 0.039 96 unknown 0.5 31.0 60.0 False True
31.221 64.357 0.128 0.049 0.961 0.415 -0.746 0.097 -2.131 0.065 1.012 0.034 53 Stock_5 0.5 31.0 64.0 True False
32.630 57.393 0.206 0.042 0.998 0.260 -0.972 0.088 -1.077 0.115 0.376 0.033 54 Per_OB1 0.5 32.0 57.0 True False
32.649 57.682 0.187 0.087 0.985 0.495 -1.003 0.146 -0.982 0.148 0.395 0.046 93 Per_OB1 0.5 32.0 57.5 True False
32.446 58.261 0.197 0.116 0.968 0.497 -1.073 0.181 -0.883 0.170 0.411 0.045 125 Per_OB1 0.5 32.0 58.0 True False
32.487 58.732 0.248 0.117 0.988 0.494 -0.950 0.213 -0.869 0.149 0.417 0.043 148 Per_OB1 0.5 32.0 58.5 True False
33.582 57.304 0.247 0.110 0.997 0.492 -0.830 0.125 -1.089 0.113 0.394 0.038 127 Per_OB1 0.5 33.0 57.0 True False
33.477 57.704 0.266 0.116 0.998 0.497 -0.837 0.143 -0.958 0.101 0.389 0.042 138 Per_OB1 0.5 33.0 57.5 True False
33.502 58.770 0.271 0.131 0.994 0.491 -0.802 0.208 -0.656 0.164 0.390 0.041 114 Per_OB1 0.5 33.0 58.5 True False
33.470 59.287 0.233 0.116 0.984 0.493 -1.035 0.201 -0.629 0.148 0.393 0.040 126 unknown 0.5 33.0 59.0 False True
33.579 59.753 0.246 0.112 0.984 0.497 -1.020 0.249 -0.435 0.115 0.378 0.040 121 unknown 0.5 33.0 59.5 False True
34.717 56.963 0.172 0.024 0.868 0.164 -0.667 0.102 -1.113 0.087 0.407 0.036 130 NGC_869,Per_OB1 0.5 34.0 56.5 True False
34.515 57.303 0.241 0.110 0.891 0.404 -0.968 0.074 -0.919 0.081 0.370 0.025 21 NGC_869,Per_OB1 0.5 34.0 57.0 True False
34.697 57.156 0.135 0.076 0.905 0.418 -0.624 0.124 -0.756 0.047 0.410 0.047 33 NGC_869,Per_OB1 0.5 34.0 57.0 True False
34.708 57.159 0.121 0.071 0.962 0.469 -0.537 0.153 -0.648 0.081 0.388 0.046 73 NGC_869 0.5 34.0 57.0 True False
34.680 57.154 0.129 0.061 0.986 0.498 -0.696 0.085 -1.085 0.090 0.398 0.031 848 NGC_869,Per_OB1 0.5 34.0 57.0 True False
34.445 57.745 0.247 0.121 0.988 0.494 -0.743 0.137 -0.987 0.117 0.402 0.040 140 Per_OB1 0.5 34.0 57.5 True False
34.725 58.282 0.169 0.061 0.989 0.476 -0.582 0.158 -0.932 0.197 0.434 0.044 140 Per_OB1 0.5 34.0 58.0 True False
34.642 58.803 0.232 0.100 0.934 0.493 -0.926 0.101 -0.656 0.125 0.392 0.036 119 unknown 0.5 34.0 58.5 False True
34.495 59.254 0.244 0.113 0.973 0.488 -0.841 0.250 -0.577 0.162 0.391 0.040 116 unknown 0.5 34.0 59.0 False True
34.495 59.105 0.236 0.093 0.981 0.486 -0.945 0.061 -0.585 0.057 0.380 0.030 50 unknown 0.5 34.0 59.0 False True
34.525 59.751 0.210 0.137 0.973 0.498 -0.717 0.122 -0.819 0.124 0.386 0.051 57 Per_OB1 0.5 34.0 59.5 True False
34.481 61.165 0.178 0.076 0.972 0.453 -0.848 0.141 -0.187 0.114 0.413 0.037 41 unknown 0.5 34.0 61.0 False True
35.495 56.901 0.238 0.061 0.995 0.351 -0.591 0.117 -1.062 0.083 0.404 0.030 166 Per_OB1 0.5 35.0 56.5 True False
35.525 57.177 0.172 0.089 0.989 0.485 -0.683 0.134 -1.035 0.082 0.397 0.029 202 NGC_884,Per_OB1 0.5 35.0 57.0 True False
35.520 57.255 0.253 0.084 0.962 0.495 -0.730 0.297 -1.252 0.201 0.402 0.036 54 NGC_884,Per_OB1 0.5 35.0 57.0 True False
35.558 57.186 0.201 0.089 0.921 0.491 -0.366 0.182 -0.705 0.083 0.418 0.055 85 NGC_884 0.5 35.0 57.0 True False
35.421 57.156 0.182 0.050 0.967 0.463 -0.540 0.126 -1.288 0.111 0.388 0.037 47 NGC_884,Per_OB1 0.5 35.0 57.0 True False
35.512 57.170 0.147 0.079 0.988 0.492 -0.602 0.087 -1.068 0.082 0.397 0.032 653 NGC_884,Per_OB1 0.5 35.0 57.0 True False
35.376 57.322 0.270 0.120 0.750 0.383 -0.708 0.234 -0.988 0.181 0.403 0.017 12 NGC_884,Per_OB1 0.5 35.0 57.0 True False
35.443 57.653 0.194 0.104 0.980 0.497 -0.595 0.152 -1.009 0.150 0.409 0.055 158 Per_OB1 0.5 35.0 57.5 True False
35.377 58.273 0.267 0.110 0.984 0.490 -0.554 0.151 -0.875 0.159 0.416 0.041 98 Per_OB1 0.5 35.0 58.0 True False
35.465 58.739 0.228 0.157 0.999 0.497 -0.654 0.206 -0.733 0.142 0.396 0.048 161 Per_OB1 0.5 35.0 58.5 True False
35.459 59.244 0.235 0.116 0.994 0.498 -0.710 0.145 -0.593 0.135 0.389 0.042 125 unknown 0.5 35.0 59.0 False True
35.508 60.170 0.233 0.093 0.937 0.492 -0.864 0.212 -0.434 0.097 0.391 0.049 91 unknown 0.5 35.0 60.0 False True
35.752 63.781 0.174 0.055 0.977 0.486 3.198 0.062 -3.966 0.079 0.952 0.023 58 NGC_886 0.5 35.0 63.5 True False
36.496 56.823 0.247 0.117 0.987 0.498 -0.571 0.125 -1.158 0.100 0.404 0.040 139 Per_OB1 0.5 36.0 56.5 True False
36.418 57.241 0.250 0.102 0.996 0.497 -0.489 0.105 -1.093 0.095 0.393 0.032 357 Per_OB1 0.5 36.0 57.0 True False
36.340 57.278 0.254 0.133 0.985 0.489 -0.500 0.122 -0.735 0.088 0.393 0.048 53 Per_OB1 0.5 36.0 57.0 True False
36.481 57.707 0.285 0.115 0.993 0.479 -0.467 0.107 -0.965 0.089 0.404 0.040 145 Per_OB1 0.5 36.0 57.5 True False
36.467 58.307 0.245 0.109 0.985 0.495 -0.461 0.194 -0.841 0.164 0.400 0.050 159 Per_OB1 0.5 36.0 58.0 True False
36.456 60.136 0.245 0.110 0.994 0.488 -0.964 0.151 -0.461 0.188 0.406 0.048 100 COIN-Gaia_36 0.5 36.0 60.0 True False
36.640 61.760 0.177 0.137 0.923 0.488 -0.726 0.233 -0.349 0.228 0.448 0.047 69 unknown 0.5 36.0 61.5 False True
36.229 63.771 0.190 0.101 0.983 0.425 3.157 0.073 -4.022 0.086 0.955 0.020 41 NGC_886 0.5 36.0 63.5 True False
37.423 56.763 0.264 0.120 0.994 0.492 -0.255 0.180 -1.079 0.135 0.399 0.041 136 Per_OB1 0.5 37.0 56.5 True False
37.261 57.289 0.149 0.123 0.798 0.476 -0.660 0.097 -1.058 0.080 0.394 0.029 20 Per_OB1 0.5 37.0 57.0 True False
37.460 57.268 0.256 0.122 0.996 0.488 -0.366 0.092 -1.064 0.093 0.397 0.028 150 Per_OB1 0.5 37.0 57.0 True False
37.593 57.260 0.266 0.098 0.902 0.452 -0.125 0.172 -1.410 0.094 0.418 0.042 19 unknown 0.5 37.0 57.0 False True
37.462 57.701 0.252 0.113 0.984 0.492 -0.378 0.124 -0.982 0.098 0.397 0.033 174 Per_OB1 0.5 37.0 57.5 True False
37.489 58.163 0.218 0.106 0.988 0.484 -0.391 0.126 -0.888 0.127 0.387 0.042 135 Per_OB1 0.5 37.0 58.0 True False
37.353 58.766 0.209 0.120 0.986 0.496 -0.362 0.170 -0.850 0.154 0.394 0.046 126 Per_OB1 0.5 37.0 58.5 True False
37.438 60.684 0.157 0.058 0.894 0.485 -3.521 0.082 0.585 0.100 1.446 0.028 50 Stock_7 0.5 37.0 60.5 True False
37.688 61.277 0.147 0.102 0.977 0.477 -1.040 0.136 -0.170 0.165 0.417 0.048 73 unknown 0.5 37.0 61.0 False True
37.486 61.740 0.238 0.111 0.973 0.495 -0.970 0.156 -0.173 0.168 0.405 0.045 88 unknown 0.5 37.0 61.5 False True
38.342 57.386 0.179 0.087 0.978 0.493 -0.262 0.094 -1.067 0.086 0.391 0.038 117 NGC_957,Per_OB1 0.5 38.0 57.0 True False
38.395 57.598 0.170 0.061 0.982 0.486 -0.247 0.092 -1.055 0.083 0.406 0.035 234 NGC_957,Per_OB1 0.5 38.0 57.5 True False
38.516 57.706 0.160 0.132 0.960 0.491 -0.045 0.256 -0.719 0.158 0.396 0.055 59 NGC_957 0.5 38.0 57.5 True False
38.463 61.698 0.204 0.099 0.992 0.496 -0.667 0.166 -0.298 0.174 0.444 0.041 150 unknown 0.5 38.0 61.5 False True
39.403 55.920 0.183 0.038 0.928 0.268 1.536 0.144 -5.327 0.125 1.418 0.037 47 Trumpler_2 0.5 39.0 55.5 True False
39.290 56.108 0.183 0.082 0.843 0.450 1.511 0.081 -5.312 0.084 1.419 0.043 32 Trumpler_2 0.5 39.0 56.0 True False
39.462 57.754 0.238 0.123 0.997 0.488 -0.169 0.121 -1.066 0.087 0.408 0.037 139 unknown 0.5 39.0 57.5 False True
39.305 59.134 0.254 0.104 0.935 0.498 -0.558 0.090 -0.201 0.188 0.390 0.034 109 unknown 0.5 39.0 59.0 False True
39.753 60.401 0.070 0.018 0.946 0.478 -0.696 0.041 -0.330 0.109 0.442 0.039 60 Berkeley_65 0.5 39.0 60.0 True False
39.574 61.196 0.240 0.086 0.975 0.491 -0.576 0.244 -0.193 0.118 0.437 0.041 121 unknown 0.5 39.0 61.0 False True
40.346 57.760 0.212 0.115 0.970 0.489 0.009 0.199 -1.068 0.101 0.394 0.035 116 unknown 0.5 40.0 57.5 False True
40.566 59.773 0.189 0.137 0.974 0.492 -0.409 0.162 -0.463 0.147 0.407 0.070 74 unknown 0.5 40.0 59.5 False True
40.398 60.819 0.171 0.083 0.978 0.482 -0.641 0.121 -0.165 0.092 0.434 0.039 118 unknown 0.5 40.0 60.5 False True
40.637 61.373 0.192 0.065 0.947 0.475 -1.724 0.072 2.074 0.092 0.883 0.027 33 NGC_1027 0.5 40.0 61.0 True False
40.655 61.639 0.140 0.066 0.984 0.473 -1.757 0.089 2.109 0.119 0.890 0.030 170 NGC_1027 0.5 40.0 61.5 True False
41.648 57.743 0.157 0.088 0.931 0.488 0.147 0.105 -1.092 0.074 0.400 0.030 160 ASCC_9 0.5 41.0 57.5 True False
42.706 56.794 0.224 0.093 0.966 0.489 0.365 0.070 -1.239 0.082 0.377 0.026 74 unknown 0.5 42.0 56.5 False True
42.463 57.184 0.205 0.111 0.989 0.494 0.335 0.185 -1.183 0.151 0.378 0.040 104 unknown 0.5 42.0 57.0 False True
42.341 57.747 0.257 0.110 0.993 0.499 0.304 0.178 -1.059 0.129 0.385 0.032 100 ASCC_9 0.5 42.0 57.5 True False
42.787 60.378 0.085 0.050 0.968 0.491 -0.372 0.115 -0.362 0.132 0.428 0.034 151 IC_1848 0.5 42.0 60.0 True False
43.377 56.740 0.212 0.130 0.982 0.468 0.443 0.210 -1.208 0.127 0.388 0.043 98 unknown 0.5 43.0 56.5 False True
43.496 57.236 0.217 0.085 0.979 0.498 0.472 0.096 -1.099 0.143 0.391 0.039 64 unknown 0.5 43.0 57.0 False True
43.519 60.634 0.207 0.056 0.981 0.496 -0.001 0.263 -0.348 0.172 0.414 0.046 134 IC_1848 0.5 43.0 60.5 True False
44.549 56.711 0.218 0.102 0.967 0.484 0.590 0.208 -1.288 0.148 0.397 0.042 65 unknown 0.5 44.0 56.5 False True
44.618 57.288 0.208 0.129 0.990 0.493 0.589 0.102 -1.147 0.137 0.394 0.037 57 unknown 0.5 44.0 57.0 False True
44.690 57.746 0.211 0.138 0.983 0.492 0.670 0.115 -1.192 0.092 0.392 0.042 76 unknown 0.5 44.0 57.5 False True
44.626 60.596 0.192 0.047 0.978 0.463 -0.268 0.118 0.122 0.105 0.444 0.035 106 SAI_24 0.5 44.0 60.5 True False
45.457 57.376 0.252 0.086 0.948 0.495 0.771 0.103 -1.337 0.122 0.395 0.029 60 SAI_25 0.5 45.0 57.0 True False
45.582 57.692 0.206 0.119 0.979 0.489 0.633 0.126 -1.231 0.112 0.397 0.033 76 unknown 0.5 45.0 57.5 False True
46.436 57.354 0.252 0.091 0.950 0.483 0.791 0.223 -1.253 0.209 0.401 0.040 61 unknown 0.5 46.0 57.0 False True
46.570 58.267 0.273 0.105 0.987 0.484 0.764 0.150 -1.018 0.241 0.391 0.053 72 unknown 0.5 46.0 58.0 False True
48.447 60.739 0.370 0.130 0.981 0.451 0.241 0.061 0.853 0.085 0.925 0.035 20 unknown 0.5 48.0 60.5 False True
51.893 56.401 0.073 0.036 0.687 0.464 3.878 0.163 -1.864 0.168 1.360 0.030 65 King_6 0.5 51.0 56.0 True False
51.711 56.578 0.196 0.057 0.931 0.340 3.870 0.103 -1.765 0.108 1.329 0.055 28 King_6 0.5 51.0 56.5 True False
52.103 56.427 0.070 0.043 0.895 0.442 3.894 0.161 -1.830 0.189 1.336 0.038 58 King_6 0.5 52.0 56.0 True False
53.159 52.650 0.034 0.021 0.797 0.420 1.509 0.091 0.000 0.080 0.514 0.035 63 Berkeley_9 0.5 53.0 52.5 True False
56.740 58.926 0.133 0.062 0.978 0.449 0.546 0.084 -2.387 0.080 0.569 0.027 44 Tombaugh_5 0.5 56.0 58.5 True False
56.839 59.112 0.106 0.049 0.980 0.467 0.530 0.081 -2.377 0.072 0.564 0.022 147 Tombaugh_5 0.5 56.0 59.0 True False
57.352 52.660 0.141 0.032 0.811 0.433 -0.695 0.112 -1.826 0.090 0.837 0.029 40 NGC_1444 0.5 57.0 52.5 True False
57.235 58.914 0.135 0.049 0.967 0.480 0.502 0.066 -2.411 0.077 0.544 0.027 60 Tombaugh_5 0.5 57.0 58.5 True False
57.117 59.094 0.078 0.043 0.920 0.444 0.534 0.057 -2.401 0.063 0.560 0.018 94 Tombaugh_5 0.5 57.0 59.0 True False
59.764 51.770 0.079 0.044 0.979 0.472 1.124 0.146 -1.254 0.181 0.353 0.036 103 King_7 0.5 59.0 51.5 True False
61.118 52.669 0.041 0.024 0.573 0.465 1.524 0.064 -0.749 0.062 0.606 0.029 64 NGC_1496 0.5 61.0 52.5 True False
29.516 60.156 0.218 0.083 1.888 0.918 -0.076 0.079 -1.688 0.067 0.881 0.025 55 NGC_743 1.0 28.0 60.0 True False
31.142 64.362 0.150 0.066 1.772 0.861 -0.768 0.096 -2.127 0.069 1.011 0.024 60 Stock_5 1.0 30.0 64.0 True False
35.698 63.781 0.215 0.060 1.739 0.848 3.184 0.069 -3.984 0.085 0.952 0.019 58 NGC_886 1.0 34.0 63.0 True False
37.407 60.657 0.169 0.080 1.822 0.630 -3.521 0.076 0.545 0.089 1.441 0.023 54 Stock_7 1.0 36.0 60.0 True False
36.382 63.692 0.252 0.149 1.784 0.923 3.138 0.067 -3.999 0.080 0.960 0.021 40 NGC_886 1.0 36.0 63.0 True False
39.403 55.920 0.183 0.044 1.124 0.268 1.536 0.145 -5.327 0.125 1.419 0.035 45 Trumpler_2 1.0 38.0 55.0 True False
40.689 61.605 0.170 0.086 1.913 0.900 -1.748 0.074 2.111 0.091 0.889 0.020 148 NGC_1027 1.0 40.0 61.0 True False
49.072 60.353 0.247 0.275 1.846 0.944 -4.257 0.142 -0.991 0.177 1.613 0.050 33 Stock_23 1.0 48.0 60.0 True False
48.968 60.596 0.383 0.176 1.946 0.921 0.391 0.085 0.742 0.098 0.924 0.029 47 unknown 1.0 48.0 60.0 False True
51.868 56.426 0.094 0.059 1.717 0.867 3.822 0.178 -1.820 0.160 1.355 0.032 72 King_6 1.0 50.0 56.0 True False
51.468 60.272 0.266 0.191 1.724 0.901 -2.054 0.100 -0.560 0.158 0.875 0.038 43 unknown 1.0 50.0 60.0 False True
52.099 56.466 0.076 0.065 1.955 0.872 3.883 0.154 -1.858 0.157 1.341 0.028 62 King_6 1.0 52.0 56.0 True False
52.728 59.638 0.339 0.249 1.789 0.950 -1.897 0.096 -0.661 0.070 0.893 0.039 58 unknown 1.0 52.0 59.0 False True
57.232 52.657 0.152 0.037 1.714 0.930 -0.776 0.114 -1.811 0.060 0.844 0.024 39 NGC_1444 1.0 56.0 52.0 True False
59.430 52.524 0.369 0.184 1.996 0.969 -0.267 0.094 -1.298 0.140 0.879 0.044 62 unknown 1.0 58.0 52.0 False True
27.741 61.049 0.047 0.022 0.192 0.097 -0.853 0.133 -0.469 0.145 0.314 0.052 62 Berkeley_6 0.1 27.6 61.0 True False
27.843 61.061 0.032 0.010 0.178 0.085 -0.853 0.084 -0.466 0.085 0.301 0.038 63 Berkeley_6 0.1 27.8 61.0 True False
27.880 61.151 0.040 0.026 0.193 0.091 -1.000 0.179 -0.281 0.153 0.254 0.076 36 unknown 0.1 27.8 61.1 False True
28.123 58.641 0.041 0.016 0.195 0.093 -2.346 0.083 -0.461 0.120 0.284 0.042 70 COIN-Gaia_6 0.1 28.0 58.6 True False
28.087 61.773 0.037 0.022 0.186 0.083 -1.418 0.129 1.156 0.127 0.167 0.058 32 IC_166 0.1 28.0 61.7 True False
28.092 61.855 0.033 0.015 0.199 0.097 -1.449 0.076 1.147 0.095 0.173 0.057 352 IC_166 0.1 28.0 61.8 True False
28.085 61.848 0.028 0.013 0.173 0.063 -1.524 0.149 1.464 0.102 0.177 0.050 23 IC_166 0.1 28.0 61.8 True False
28.101 61.913 0.038 0.010 0.186 0.094 -1.445 0.076 1.179 0.092 0.183 0.057 69 IC_166 0.1 28.0 61.9 True False
28.267 61.846 0.041 0.021 0.188 0.097 -1.429 0.067 1.144 0.081 0.188 0.041 56 IC_166 0.1 28.2 61.8 True False
28.241 61.940 0.024 0.020 0.195 0.096 -1.401 0.091 1.130 0.074 0.149 0.054 28 IC_166 0.1 28.2 61.9 True False
28.539 62.364 0.022 0.015 0.175 0.090 -0.967 0.067 -0.126 0.060 0.327 0.047 65 Berkeley_7 0.1 28.4 62.3 True False
28.920 61.353 0.029 0.012 0.177 0.069 -2.020 0.056 0.412 0.092 0.229 0.043 57 Czernik_5 0.1 28.8 61.3 True False
29.498 61.847 0.024 0.018 0.179 0.091 -1.069 0.125 -0.181 0.176 0.248 0.069 24 unknown 0.1 29.4 61.8 False True
29.934 63.844 0.027 0.023 0.181 0.095 -0.263 0.064 -0.311 0.120 0.241 0.048 40 unknown 0.1 29.8 63.8 False True
30.111 61.752 0.045 0.024 0.181 0.094 -1.066 0.156 -0.215 0.056 0.310 0.079 28 unknown 0.1 30.0 61.7 False True
30.297 60.248 0.043 0.026 0.181 0.092 -1.633 0.062 -0.364 0.131 0.261 0.045 41 unknown 0.1 30.2 60.2 False True
30.520 62.840 0.023 0.014 0.140 0.093 -1.148 0.077 -0.149 0.081 0.323 0.050 40 Czernik_6 0.1 30.4 62.8 True False
30.718 64.429 0.054 0.014 0.185 0.095 -0.778 0.091 0.068 0.100 0.154 0.062 46 unknown 0.1 30.6 64.4 False True
31.868 60.257 0.034 0.011 0.182 0.090 -0.782 0.104 -0.489 0.109 0.342 0.054 63 Riddle_4 0.1 31.8 60.2 True False
33.284 63.856 0.040 0.023 0.156 0.093 -1.292 0.079 -0.837 0.086 0.335 0.039 31 unknown 0.1 33.2 63.8 False True
33.477 60.033 0.044 0.014 0.163 0.099 -0.548 0.065 -0.402 0.084 0.343 0.039 40 COIN-Gaia_35 0.1 33.4 60.0 True False
34.315 56.980 0.055 0.012 0.189 0.068 -0.793 0.141 -1.177 0.115 0.369 0.066 26 Per_OB1 0.1 34.2 56.9 True False
34.320 57.055 0.046 0.020 0.194 0.096 -0.687 0.061 -1.073 0.119 0.397 0.060 38 NGC_869,Per_OB1 0.1 34.2 57.0 True False
34.291 57.150 0.038 0.027 0.177 0.095 -0.665 0.130 -1.065 0.080 0.396 0.039 36 NGC_869,Per_OB1 0.1 34.2 57.1 True False
34.513 56.957 0.047 0.021 0.192 0.094 -0.667 0.133 -1.165 0.090 0.383 0.056 50 NGC_869,Per_OB1 0.1 34.4 56.9 True False
34.513 57.064 0.051 0.023 0.194 0.096 -0.641 0.094 -1.129 0.086 0.400 0.049 52 NGC_869,Per_OB1 0.1 34.4 57.0 True False
34.530 57.145 0.045 0.026 0.188 0.097 -0.676 0.107 -1.071 0.102 0.397 0.044 101 NGC_869,Per_OB1 0.1 34.4 57.1 True False
34.526 57.234 0.045 0.021 0.189 0.099 -0.765 0.101 -1.107 0.104 0.370 0.054 70 NGC_869,Per_OB1 0.1 34.4 57.2 True False
34.704 56.954 0.054 0.029 0.196 0.096 -0.681 0.105 -1.143 0.131 0.391 0.051 45 NGC_869,Per_OB1 0.1 34.6 56.9 True False
34.715 57.062 0.050 0.020 0.198 0.099 -0.665 0.088 -1.082 0.127 0.393 0.037 104 NGC_869,Per_OB1 0.1 34.6 57.0 True False
34.738 57.140 0.028 0.017 0.170 0.064 -0.379 0.119 -0.880 0.174 0.380 0.057 23 NGC_869,Per_OB1 0.1 34.6 57.1 True False
34.725 57.145 0.042 0.021 0.198 0.099 -0.688 0.078 -1.142 0.098 0.395 0.034 197 NGC_869,Per_OB1 0.1 34.6 57.1 True False
34.721 57.151 0.041 0.017 0.196 0.091 -0.755 0.175 -0.883 0.101 0.381 0.059 58 NGC_869,Per_OB1 0.1 34.6 57.1 True False
34.679 57.242 0.043 0.027 0.199 0.098 -0.729 0.117 -1.060 0.116 0.397 0.036 102 NGC_869,Per_OB1 0.1 34.6 57.2 True False
34.677 57.331 0.060 0.020 0.198 0.087 -0.753 0.130 -0.998 0.124 0.355 0.049 44 NGC_869,Per_OB1 0.1 34.6 57.3 True False
34.688 59.941 0.050 0.022 0.179 0.093 -0.527 0.135 -0.340 0.075 0.341 0.060 33 unknown 0.1 34.6 59.9 False True
34.912 56.969 0.050 0.014 0.191 0.097 -0.671 0.076 -1.076 0.106 0.406 0.041 45 NGC_869,Per_OB1 0.1 34.8 56.9 True False
34.886 57.066 0.042 0.023 0.195 0.098 -0.670 0.084 -1.038 0.098 0.389 0.037 108 NGC_869,Per_OB1 0.1 34.8 57.0 True False
34.871 57.150 0.047 0.022 0.200 0.097 -0.677 0.100 -0.992 0.104 0.399 0.039 126 NGC_869,Per_OB1 0.1 34.8 57.1 True False
34.892 57.238 0.042 0.023 0.196 0.093 -0.681 0.103 -1.018 0.144 0.369 0.043 72 NGC_869,Per_OB1 0.1 34.8 57.2 True False
34.882 58.270 0.040 0.017 0.189 0.092 -0.424 0.136 -0.829 0.155 0.438 0.051 51 Basel_10,Per_OB1 0.1 34.8 58.2 True False
34.861 63.723 0.029 0.010 0.189 0.083 -0.989 0.064 0.231 0.069 0.160 0.032 43 Berkeley_63 0.1 34.8 63.7 True False
35.114 56.955 0.052 0.023 0.197 0.098 -0.607 0.178 -1.125 0.130 0.385 0.072 44 NGC_869,Per_OB1 0.1 35.0 56.9 True False
35.097 57.044 0.046 0.024 0.196 0.089 -0.649 0.144 -1.062 0.072 0.415 0.043 40 NGC_869,Per_OB1 0.1 35.0 57.0 True False
35.090 57.155 0.044 0.027 0.194 0.097 -0.651 0.124 -1.095 0.107 0.387 0.046 71 NGC_869,Per_OB1 0.1 35.0 57.1 True False
35.113 57.235 0.048 0.022 0.189 0.094 -0.715 0.117 -1.234 0.135 0.385 0.023 35 NGC_869,Per_OB1 0.1 35.0 57.2 True False
35.138 57.334 0.048 0.024 0.187 0.097 -0.747 0.070 -1.195 0.101 0.373 0.033 28 Per_OB1 0.1 35.0 57.3 True False
35.294 56.945 0.045 0.031 0.190 0.099 -0.556 0.192 -0.994 0.141 0.380 0.049 52 Per_OB1 0.1 35.2 56.9 True False
35.316 57.062 0.055 0.023 0.191 0.099 -0.649 0.081 -1.117 0.098 0.391 0.034 64 NGC_884,Per_OB1 0.1 35.2 57.0 True False
35.326 57.150 0.042 0.023 0.198 0.097 -0.663 0.106 -1.114 0.086 0.403 0.030 64 NGC_884,Per_OB1 0.1 35.2 57.1 True False
35.335 57.236 0.043 0.021 0.194 0.099 -0.607 0.091 -1.092 0.092 0.407 0.042 58 NGC_884,Per_OB1 0.1 35.2 57.2 True False
35.312 57.345 0.043 0.020 0.190 0.097 -0.614 0.177 -1.046 0.138 0.365 0.038 45 NGC_884,Per_OB1 0.1 35.2 57.3 True False
35.509 56.874 0.032 0.015 0.172 0.089 -0.549 0.096 -1.070 0.135 0.376 0.045 25 Per_OB1 0.1 35.4 56.8 True False
35.514 56.948 0.053 0.021 0.194 0.097 -0.579 0.201 -0.986 0.201 0.379 0.059 36 NGC_884,Per_OB1 0.1 35.4 56.9 True False
35.490 57.067 0.049 0.020 0.199 0.096 -0.608 0.105 -1.089 0.092 0.405 0.043 108 NGC_884,Per_OB1 0.1 35.4 57.0 True False
35.513 57.145 0.038 0.024 0.196 0.097 -0.643 0.102 -1.077 0.106 0.401 0.038 220 NGC_884,Per_OB1 0.1 35.4 57.1 True False
35.497 57.244 0.046 0.022 0.195 0.098 -0.612 0.128 -1.075 0.088 0.398 0.034 87 NGC_884,Per_OB1 0.1 35.4 57.2 True False
35.518 57.346 0.039 0.026 0.176 0.097 -0.591 0.119 -0.982 0.119 0.386 0.036 54 NGC_884,Per_OB1 0.1 35.4 57.3 True False
35.665 57.070 0.036 0.018 0.183 0.096 -0.599 0.066 -1.052 0.088 0.393 0.037 56 NGC_884,Per_OB1 0.1 35.6 57.0 True False
35.700 57.151 0.055 0.028 0.199 0.096 -0.586 0.142 -1.032 0.102 0.406 0.034 83 NGC_884,Per_OB1 0.1 35.6 57.1 True False
35.675 57.245 0.047 0.032 0.197 0.098 -0.566 0.154 -1.041 0.125 0.375 0.052 83 NGC_884,Per_OB1 0.1 35.6 57.2 True False
35.692 57.344 0.047 0.028 0.187 0.098 -0.526 0.091 -1.007 0.072 0.369 0.022 41 NGC_884,Per_OB1 0.1 35.6 57.3 True False
35.716 57.455 0.048 0.027 0.194 0.096 -0.542 0.162 -0.930 0.141 0.367 0.056 46 Per_OB1 0.1 35.6 57.4 True False
35.919 56.746 0.044 0.019 0.196 0.095 -0.820 0.161 -0.506 0.210 0.269 0.066 47 unknown 0.1 35.8 56.7 False True
35.870 57.149 0.045 0.026 0.195 0.093 -0.460 0.178 -0.950 0.106 0.412 0.051 57 NGC_884,Per_OB1 0.1 35.8 57.1 True False
35.877 57.249 0.041 0.025 0.186 0.094 -0.524 0.157 -0.988 0.109 0.383 0.041 58 NGC_884,Per_OB1 0.1 35.8 57.2 True False
35.881 57.354 0.049 0.026 0.187 0.096 -0.541 0.146 -1.025 0.095 0.359 0.045 53 Per_OB1 0.1 35.8 57.3 True False
35.893 59.645 0.040 0.021 0.188 0.090 -0.430 0.135 -0.632 0.142 0.327 0.055 31 unknown 0.1 35.8 59.6 False True
35.889 63.773 0.057 0.014 0.184 0.070 3.202 0.090 -3.966 0.104 0.946 0.046 16 NGC_886 0.1 35.8 63.7 True False
35.963 63.840 0.033 0.028 0.193 0.090 3.196 0.141 -4.050 0.102 0.952 0.031 11 NGC_886 0.1 35.8 63.8 True False
36.096 56.960 0.045 0.030 0.166 0.096 -0.614 0.128 -1.127 0.161 0.363 0.050 26 Per_OB1 0.1 36.0 56.9 True False
36.081 57.053 0.036 0.024 0.192 0.099 -0.560 0.133 -1.097 0.113 0.381 0.033 38 Per_OB1 0.1 36.0 57.0 True False
36.055 57.251 0.042 0.030 0.186 0.100 -0.468 0.093 -0.927 0.135 0.400 0.040 47 Per_OB1 0.1 36.0 57.2 True False
36.090 57.355 0.043 0.034 0.190 0.094 -0.481 0.135 -0.956 0.141 0.369 0.060 32 Per_OB1 0.1 36.0 57.3 True False
36.088 57.451 0.030 0.023 0.191 0.095 -0.491 0.140 -0.952 0.138 0.384 0.067 31 Per_OB1 0.1 36.0 57.4 True False
36.291 57.066 0.043 0.026 0.194 0.097 -0.486 0.137 -1.059 0.102 0.385 0.045 31 Per_OB1 0.1 36.2 57.0 True False
36.328 57.245 0.038 0.028 0.194 0.097 -0.547 0.098 -1.131 0.099 0.364 0.032 29 Per_OB1 0.1 36.2 57.2 True False
36.331 57.534 0.040 0.015 0.182 0.089 -0.519 0.116 -0.934 0.137 0.394 0.069 33 Per_OB1 0.1 36.2 57.5 True False
36.294 58.229 0.030 0.019 0.147 0.084 -1.735 0.164 0.872 0.168 0.249 0.080 23 unknown 0.1 36.2 58.2 False True
36.454 57.155 0.037 0.021 0.196 0.098 -0.404 0.089 -1.052 0.174 0.373 0.046 27 Per_OB1 0.1 36.4 57.1 True False
36.478 57.254 0.037 0.030 0.190 0.098 -0.486 0.090 -1.023 0.155 0.363 0.054 31 Per_OB1 0.1 36.4 57.2 True False
36.489 57.450 0.056 0.024 0.193 0.089 -0.375 0.156 -0.927 0.136 0.339 0.057 41 Per_OB1 0.1 36.4 57.4 True False
36.701 57.242 0.055 0.027 0.191 0.098 -0.454 0.166 -1.058 0.101 0.369 0.060 52 Per_OB1 0.1 36.6 57.2 True False
36.908 57.356 0.046 0.025 0.189 0.097 -0.438 0.137 -1.087 0.126 0.401 0.111 38 Per_OB1 0.1 36.8 57.3 True False
37.127 57.759 0.050 0.018 0.190 0.091 -0.451 0.179 -0.889 0.162 0.372 0.067 32 Per_OB1 0.1 37.0 57.7 True False
37.126 60.146 0.029 0.020 0.191 0.092 -1.212 0.056 -0.651 0.064 0.228 0.060 21 unknown 0.1 37.0 60.1 False True
37.294 61.779 0.023 0.013 0.174 0.096 -1.030 0.083 -0.197 0.080 0.264 0.073 68 Tombaugh_4 0.1 37.2 61.7 True False
37.496 58.136 0.052 0.020 0.185 0.093 -0.454 0.128 -0.911 0.094 0.347 0.052 42 Per_OB1 0.1 37.4 58.1 True False
38.115 57.549 0.051 0.020 0.182 0.090 -0.198 0.081 -1.014 0.049 0.388 0.027 21 NGC_957 0.1 38.0 57.5 True False
38.288 57.470 0.040 0.015 0.185 0.093 -0.283 0.077 -1.015 0.097 0.392 0.048 34 NGC_957,Per_OB1 0.1 38.2 57.4 True False
38.328 57.552 0.046 0.021 0.193 0.097 -0.272 0.075 -1.069 0.064 0.395 0.033 80 NGC_957,Per_OB1 0.1 38.2 57.5 True False
38.249 58.764 0.023 0.011 0.196 0.096 0.514 0.077 -0.736 0.115 0.317 0.054 57 Czernik_8 0.1 38.2 58.7 True False
38.326 60.017 0.046 0.012 0.189 0.097 0.061 0.114 -0.439 0.171 0.287 0.061 30 unknown 0.1 38.2 60.0 False True
38.480 57.555 0.052 0.019 0.189 0.095 -0.244 0.162 -0.949 0.128 0.379 0.067 60 NGC_957,Per_OB1 0.1 38.4 57.5 True False
38.483 60.171 0.012 0.010 0.125 0.075 -1.068 0.079 0.364 0.124 0.225 0.081 36 Czernik_10 0.1 38.4 60.1 True False
39.060 59.040 0.037 0.020 0.188 0.099 -0.556 0.092 -0.079 0.093 0.383 0.036 60 King_4 0.1 39.0 59.0 True False
40.504 61.647 0.038 0.026 0.179 0.095 -1.842 0.074 2.105 0.113 0.883 0.042 31 NGC_1027 0.1 40.4 61.6 True False
40.517 61.760 0.047 0.023 0.164 0.092 -1.704 0.129 2.404 0.136 0.835 0.071 18 NGC_1027 0.1 40.4 61.7 True False
40.703 61.562 0.051 0.022 0.190 0.095 -1.769 0.088 2.113 0.133 0.884 0.036 41 NGC_1027 0.1 40.6 61.5 True False
40.678 61.640 0.035 0.023 0.190 0.098 -1.650 0.103 2.139 0.127 0.892 0.046 41 NGC_1027 0.1 40.6 61.6 True False
41.101 62.333 0.036 0.015 0.192 0.098 0.618 0.090 -0.221 0.079 0.288 0.053 85 Czernik_13 0.1 41.0 62.3 True False
41.691 57.755 0.042 0.021 0.183 0.099 0.143 0.088 -1.141 0.072 0.437 0.043 39 ASCC_9 0.1 41.6 57.7 True False
41.917 61.965 0.052 0.018 0.177 0.093 -0.625 0.114 0.190 0.120 0.174 0.087 41 unknown 0.1 41.8 61.9 False True
41.931 63.037 0.039 0.017 0.185 0.096 -0.767 0.062 0.423 0.140 0.121 0.041 36 unknown 0.1 41.8 63.0 False True
42.767 60.424 0.018 0.013 0.195 0.093 -0.490 0.159 -0.338 0.180 0.402 0.057 76 IC_1848 0.1 42.6 60.4 True False
42.887 60.548 0.028 0.016 0.178 0.095 -0.391 0.110 -0.240 0.107 0.434 0.031 37 IC_1848 0.1 42.8 60.5 True False
43.528 60.654 0.028 0.012 0.179 0.095 -0.100 0.112 -0.262 0.129 0.416 0.064 44 unknown 0.1 43.4 60.6 False True
44.499 60.637 0.057 0.025 0.199 0.098 -0.438 0.144 0.184 0.202 0.424 0.042 35 SAI_24 0.1 44.4 60.6 True False
44.889 60.561 0.034 0.020 0.194 0.096 -0.174 0.095 0.064 0.110 0.442 0.045 55 SAI_24 0.1 44.8 60.5 True False
47.923 53.349 0.012 0.014 0.147 0.086 0.230 0.123 -0.701 0.086 0.302 0.047 63 NGC_1220 0.1 47.8 53.3 True False
49.272 58.618 0.023 0.013 0.191 0.086 -0.468 0.109 -0.389 0.113 0.283 0.033 49 Czernik_14 0.1 49.2 58.6 True False
50.761 52.260 0.029 0.024 0.151 0.073 0.366 0.078 -0.962 0.079 0.279 0.063 20 Czernik_15 0.1 50.6 52.2 True False
51.237 54.951 0.029 0.009 0.193 0.088 0.164 0.151 -0.989 0.146 0.409 0.079 21 unknown 0.1 51.2 54.9 False True
51.947 56.433 0.035 0.024 0.188 0.093 3.920 0.188 -1.832 0.186 1.355 0.060 44 King_6 0.1 51.8 56.4 True False
52.066 56.456 0.031 0.026 0.187 0.097 3.867 0.153 -1.821 0.244 1.326 0.038 39 King_6 0.1 52.0 56.4 True False
53.154 52.648 0.021 0.017 0.197 0.083 1.523 0.094 0.015 0.087 0.504 0.065 76 Berkeley_9 0.1 53.0 52.6 True False
53.101 55.038 0.050 0.009 0.187 0.079 -0.859 0.117 -0.808 0.137 0.311 0.088 25 unknown 0.1 53.0 55.0 False True
53.509 51.428 0.038 0.018 0.164 0.092 1.313 0.113 -0.793 0.132 0.424 0.054 34 NGC_1348 0.1 53.4 51.4 True False
55.094 59.425 0.031 0.013 0.180 0.080 1.094 0.111 -0.411 0.121 0.248 0.036 47 unknown 0.1 55.0 59.4 False True
56.297 50.750 0.030 0.013 0.172 0.095 0.797 0.126 -1.243 0.090 0.319 0.041 38 unknown 0.1 56.2 50.7 False True
56.722 59.069 0.056 0.023 0.192 0.090 0.515 0.074 -2.406 0.073 0.564 0.032 23 Tombaugh_5 0.1 56.6 59.0 True False
56.706 59.134 0.059 0.023 0.185 0.100 0.535 0.070 -2.370 0.109 0.569 0.055 27 Tombaugh_5 0.1 56.6 59.1 True False
56.926 58.962 0.058 0.028 0.190 0.089 0.524 0.106 -2.392 0.093 0.550 0.035 31 Tombaugh_5 0.1 56.8 58.9 True False
56.921 59.064 0.046 0.017 0.193 0.096 0.533 0.119 -2.400 0.099 0.550 0.038 71 Tombaugh_5 0.1 56.8 59.0 True False
56.907 59.136 0.051 0.023 0.185 0.099 0.521 0.092 -2.370 0.057 0.566 0.020 52 Tombaugh_5 0.1 56.8 59.1 True False
56.895 59.252 0.040 0.018 0.196 0.081 0.478 0.083 -2.409 0.097 0.577 0.035 18 Tombaugh_5 0.1 56.8 59.2 True False
57.080 58.449 0.044 0.020 0.173 0.094 0.221 0.152 0.212 0.163 0.171 0.062 23 unknown 0.1 57.0 58.4 False True
57.104 58.955 0.046 0.019 0.191 0.098 0.451 0.084 -2.417 0.086 0.539 0.033 32 Tombaugh_5 0.1 57.0 58.9 True False
57.082 59.059 0.043 0.023 0.193 0.091 0.557 0.079 -2.412 0.090 0.562 0.029 54 Tombaugh_5 0.1 57.0 59.0 True False
57.088 59.133 0.048 0.023 0.199 0.090 0.536 0.095 -2.384 0.103 0.557 0.036 35 Tombaugh_5 0.1 57.0 59.1 True False
57.287 59.037 0.035 0.030 0.187 0.089 0.546 0.075 -2.423 0.095 0.556 0.036 28 Tombaugh_5 0.1 57.2 59.0 True False
57.691 54.337 0.057 0.021 0.181 0.093 -0.299 0.235 -0.404 0.214 0.159 0.079 24 unknown 0.1 57.6 54.3 False True
58.856 58.385 0.020 0.008 0.188 0.096 -0.198 0.067 -0.003 0.138 0.172 0.062 40 Juchert_9 0.1 58.8 58.3 True False
59.765 51.778 0.019 0.012 0.169 0.099 1.118 0.136 -1.171 0.131 0.275 0.052 119 King_7 0.1 59.6 51.7 True False
59.706 51.776 0.052 0.014 0.180 0.086 1.664 0.120 -1.336 0.218 0.304 0.111 16 unknown 0.1 59.6 51.7 False True
59.757 51.830 0.031 0.019 0.191 0.096 1.065 0.129 -1.190 0.101 0.297 0.053 59 King_7 0.1 59.6 51.8 True False
59.741 57.237 0.040 0.021 0.193 0.094 -0.013 0.094 0.477 0.141 0.270 0.044 34 unknown 0.1 59.6 57.2 False True
59.853 51.764 0.036 0.021 0.196 0.095 1.133 0.113 -1.180 0.109 0.279 0.068 93 King_7 0.1 59.8 51.7 True False
59.834 51.825 0.027 0.017 0.171 0.083 1.087 0.174 -1.182 0.134 0.283 0.062 44 King_7 0.1 59.8 51.8 True False
60.086 55.257 0.056 0.021 0.183 0.090 0.078 0.154 -0.052 0.090 0.217 0.050 41 unknown 0.1 60.0 55.2 False True
60.549 52.440 0.042 0.020 0.187 0.098 -0.234 0.214 0.195 0.105 0.121 0.056 35 Juchert_19 0.1 60.4 52.4 True False
60.537 56.441 0.025 0.024 0.178 0.076 0.786 0.059 -1.312 0.056 0.392 0.032 20 unknown 0.1 60.4 56.4 False True
61.114 52.659 0.029 0.017 0.197 0.092 1.521 0.080 -0.743 0.066 0.594 0.034 53 NGC_1496 0.1 61.0 52.6 True False
61.335 55.928 0.024 0.015 0.193 0.095 -0.192 0.105 0.059 0.090 0.160 0.072 48 unknown 0.1 61.2 55.9 False True
61.702 55.735 0.034 0.020 0.161 0.087 0.011 0.136 -0.159 0.204 0.198 0.102 31 unknown 0.1 61.6 55.7 False True
62.108 55.958 0.053 0.023 0.200 0.093 0.340 0.170 -0.562 0.167 0.196 0.121 23 unknown 0.1 62.0 55.9 False True
